OCC_CODE	OCC_TITLE	OCC_GROUP	TOT_EMP	EMP_PRSE	H_MEAN	A_MEAN	MEAN_PRSE	H_PCT10	H_PCT25	H_MEDIAN	H_PCT75	H_PCT90	A_PCT10	A_PCT25	A_MEDIAN	A_PCT75	A_PCT90	ANNUAL	HOURLY	Year
15-0000	Computer and mathematical occupations	major	       3076200	       0.5	         33.29	         69240	           0.3	         17.06	         23.12	         31.80	         41.98	         52.52	         35490	         48090	         66130	         87310	        109240			2006
15-1011	Computer and information scientists, research		         27650	       3.2	         46.36	         96440	           1.5	         25.77	         34.58	         45.17	         56.78	         69.66	         53590	         71930	         93950	        118100	        144880			2006
15-1021	Computer programmers		        396020	       1.3	         33.42	         69500	           0.6	         18.49	         23.84	         31.50	         40.91	         51.26	         38460	         49580	         65510	         85080	        106610			2006
15-1031	Computer software engineers, applications		        472520	       1.4	         39.42	         82000	           0.4	         23.73	         30.20	         38.36	         47.34	         57.58	         49350	         62830	         79780	         98470	        119770			2006
15-1032	Computer software engineers, systems software		        329060	       1.8	         41.95	         87250	           0.5	         25.76	         32.51	         41.04	         50.64	         60.46	         53580	         67620	         85370	        105330	        125750			2006
15-1041	Computer support specialists		        514460	       0.9	         21.32	         44350	           0.4	         12.16	         15.44	         19.94	         25.79	         32.95	         25290	         32110	         41470	         53640	         68540			2006
15-1051	Computer systems analysts		        446460	       1.1	         34.73	         72230	           0.3	         20.57	         26.12	         33.54	         42.11	         51.36	         42780	         54320	         69760	         87600	        106820			2006
15-1061	Database administrators		        109840	       1.2	         32.43	         67460	           0.4	         17.96	         23.35	         31.09	         40.78	         49.52	         37350	         48560	         64670	         84830	        103010			2006
15-1071	Network and computer systems administrators		        289520	       0.8	         31.37	         65260	           0.3	         18.56	         23.33	         29.87	         38.06	         46.67	         38610	         48520	         62130	         79160	         97080			2006
15-1081	Network systems and data communications analysts		        203710	       1.4	         32.43	         67460	           0.4	         18.47	         23.80	         31.06	         39.73	         48.92	         38410	         49510	         64600	         82630	        101740			2006
15-1099	Computer specialists, all other		        180270	       1.8	         33.35	         69370	           1.2	         17.07	         24.50	         32.97	         41.88	         49.65	         35500	         50950	         68570	         87120	        103270			2006
15-2011	Actuaries		         16620	       4.6	         44.14	         91810	           1.3	         22.34	         28.23	         39.81	         55.08	#	         46470	         58710	         82800	        114570	#			2006
15-2021	Mathematicians		          2840	       7.1	         41.72	         86780	           2.4	         20.91	         30.27	         41.79	         51.08	         63.55	         43500	         62970	         86930	        106250	        132190			2006
15-2031	Operations research analysts		         56170	       1.8	         33.22	         69100	           0.7	         18.63	         23.47	         31.08	         41.23	         52.06	         38760	         48820	         64650	         85760	        108290			2006
15-2041	Statisticians		         19660	       2.4	         33.21	         69080	           1.6	         17.79	         23.31	         31.60	         42.23	         52.22	         37010	         48480	         65720	         87850	        108630			2006
15-2091	Mathematical technicians		          1210	       7.9	         22.12	         46010	           4.3	         12.43	         14.42	         18.21	         24.95	         34.63	         25860	         29990	         37880	         51890	         72040			2006
15-0000	Computer and mathematical occupations	major	       3191360	       0.4	         34.71	         72190	           0.3	         17.59	         24.04	         33.21	         43.87	         54.86	         36580	         50010	         69070	         91250	        114110			2007
15-1011	Computer and information scientists, research		         28720	       3.3	         48.39	        100640	           1.3	         26.89	         36.10	         47.10	         59.57	#	         55930	         75080	         97970	        123900	#			2007
15-1021	Computer programmers		        394710	       1.2	         34.62	         72010	           0.5	         18.99	         24.74	         32.73	         42.29	         52.75	         39500	         51450	         68080	         87950	        109720			2007
15-1031	Computer software engineers, applications		        495810	       1.1	         41.18	         85660	           0.4	         25.04	         31.64	         39.97	         49.38	         60.22	         52090	         65810	         83130	        102710	        125260			2007
15-1032	Computer software engineers, systems software		        349140	       1.7	         43.65	         90780	           0.4	         26.86	         33.99	         42.82	         52.56	         62.91	         55870	         70710	         89070	        109320	        130850			2007
15-1041	Computer support specialists		        525570	       0.8	         21.78	         45300	           0.3	         12.48	         15.80	         20.39	         26.30	         33.32	         25950	         32870	         42400	         54700	         69300			2007
15-1051	Computer systems analysts		        464440	       0.9	         36.48	         75890	           0.3	         21.12	         27.20	         35.14	         44.43	         54.65	         43930	         56590	         73090	         92420	        113670			2007
15-1061	Database administrators		        116340	       1.2	         33.78	         70260	           0.4	         18.70	         24.54	         32.33	         42.25	         51.37	         38890	         51040	         67250	         87870	        106860			2007
15-1071	Network and computer systems administrators		        309660	       0.8	         32.62	         67850	           0.3	         19.21	         24.24	         31.10	         39.51	         48.81	         39970	         50420	         64690	         82180	        101520			2007
15-1081	Network systems and data communications analysts		        216050	       1.1	         34.02	         70760	           0.4	         19.28	         25.06	         32.80	         41.74	         50.95	         40100	         52120	         68220	         86820	        105980			2007
15-1099	Computer specialists, all other		        182690	       1.6	         34.77	         72310	           1.0	         18.08	         25.63	         34.38	         43.72	         51.99	         37600	         53310	         71510	         90940	        108140			2007
15-2011	Actuaries		         18030	       4.5	         45.87	         95420	           1.2	         23.44	         29.80	         41.20	         57.60	#	         48750	         61980	         85690	        119820	#			2007
15-2021	Mathematicians		          3160	      10.3	         43.72	         90930	           1.9	         24.64	         32.39	         43.69	         54.71	         64.32	         51240	         67360	         90870	        113800	        133790			2007
15-2031	Operations research analysts		         58750	       1.9	         34.44	         71640	           0.7	         19.12	         24.29	         32.19	         43.06	         54.36	         39760	         50530	         66950	         89560	        113080			2007
15-2041	Statisticians		         20270	       2.1	         34.69	         72150	           1.0	         18.34	         24.29	         33.61	         44.15	         54.27	         38140	         50520	         69900	         91840	        112880			2007
15-2091	Mathematical technicians		          1080	       8.7	         23.31	         48490	           5.5	         12.54	         14.74	         18.54	         25.91	         37.45	         26090	         30660	         38560	         53900	         77890			2007
15-2099	Mathematical scientists, all other		          6930	      20.7	         29.38	         61100	           3.6	         15.32	         19.46	         25.90	         35.98	         46.85	         31860	         40480	         53860	         74840	         97440			2007
15-0000	Computer and mathematical science occupations	major	       3308260	       0.4	         35.82	         74500	           0.3	         18.04	         24.80	         34.26	         45.30	         56.69	         37520	         51590	         71270	         94230	        117910			2008
15-1011	Computer and information scientists, research		         26610	       3.4	         48.51	        100900	           1.1	         27.64	         36.22	         47.10	         59.79	         72.72	         57480	         75340	         97970	        124370	        151250			2008
15-1021	Computer programmers		        394230	       1.1	         35.32	         73470	           0.6	         19.27	         25.31	         33.47	         43.14	         53.58	         40080	         52640	         69620	         89720	        111450			2008
15-1031	Computer software engineers, applications		        494160	       1.2	         42.26	         87900	           0.4	         25.83	         32.59	         41.07	         50.42	         61.95	         53720	         67790	         85430	        104870	        128870			2008
15-1032	Computer software engineers, systems software		        381830	       1.4	         45.44	         94520	           0.5	         27.80	         35.19	         44.44	         54.79	         65.28	         57810	         73200	         92430	        113960	        135780			2008
15-1041	Computer support specialists		        545520	       0.8	         22.29	         46370	           0.3	         12.78	         16.19	         20.89	         26.92	         34.01	         26580	         33680	         43450	         55990	         70750			2008
15-1051	Computer systems analysts		        489890	       0.9	         37.90	         78830	           0.4	         21.82	         28.10	         36.30	         46.06	         56.94	         45390	         58460	         75500	         95810	        118440			2008
15-1061	Database administrators		        115770	       1.2	         35.05	         72900	           0.8	         19.18	         25.16	         33.53	         44.16	         53.82	         39900	         52340	         69740	         91850	        111950			2008
15-1071	Network and computer systems administrators		        327850	       0.7	         33.45	         69570	           0.3	         19.71	         24.85	         31.88	         40.44	         50.03	         41000	         51690	         66310	         84110	        104070			2008
15-1081	Network systems and data communications analysts		        230410	       1.1	         35.50	         73830	           0.4	         20.03	         26.12	         34.18	         43.63	         53.33	         41660	         54330	         71100	         90740	        110920			2008
15-1099	Computer specialists, all other		        191780	       1.4	         36.54	         76000	           0.5	         19.55	         27.38	         36.13	         45.75	         55.21	         40660	         56940	         75150	         95150	        114830			2008
15-2011	Actuaries		         18220	       3.9	         46.14	         95980	           1.4	         23.63	         29.82	         40.77	         57.27	         77.30	         49150	         62020	         84810	        119110	        160780			2008
15-2021	Mathematicians		          2770	       9.8	         45.65	         94960	           1.7	         25.75	         34.34	         45.75	         57.44	         67.55	         53570	         71430	         95150	        119480	        140500			2008
15-2031	Operations research analysts		         60860	       2.0	         35.68	         74220	           0.8	         19.23	         24.90	         33.17	         44.67	         56.79	         40000	         51780	         69000	         92920	        118130			2008
15-2041	Statisticians		         20680	       2.1	         35.96	         74790	           1.5	         19.11	         25.35	         34.91	         45.76	         56.34	         39740	         52730	         72610	         95170	        117190			2008
15-0000	Computer and mathematical science occupations	major	3303690	0.4	36.68	76290	0.3	18.55	25.43	35.05	46.09	57.53	38590	52890	72900	95870	119660			2009
15-1011	Computer and information scientists, research		26130	2.8	50.66	105370	1.1	29.56	37.8	48.83	61.35	74.72	61480	78620	101570	127600	155420			2009
15-1021	Computer programmers		367880	1.2	35.91	74690	0.7	19.54	25.78	34.1	43.75	54.51	40640	53620	70940	91000	113380			2009
15-1031	Computer software engineers, applications		495500	1.1	43.35	90170	0.4	26.36	33.29	42.06	51.78	63.5	54840	69230	87480	107710	132080			2009
15-1032	Computer software engineers, systems software		385200	1.5	46.45	96620	0.6	28.65	35.83	44.94	56.01	67.28	59600	74520	93470	116510	139930			2009
15-1041	Computer support specialists		540560	0.8	22.77	47360	0.3	13.08	16.5	21.3	27.54	34.95	27200	34320	44300	57290	72690			2009
15-1051	Computer systems analysts		512720	1	38.67	80430	0.4	22.66	28.88	37.06	46.73	57.29	47130	60070	77080	97200	119170			2009
15-1061	Database administrators		108080	1	35.72	74290	0.7	19.61	25.71	34.4	44.83	54.9	40780	53470	71550	93260	114200			2009
15-1071	Network and computer systems administrators		338890	0.9	34.1	70930	0.3	20.16	25.45	32.55	41.26	50.95	41940	52940	67710	85830	105970			2009
15-1081	Network systems and data communications analysts		226080	1.1	36.81	76560	0.4	20.62	26.88	35.22	45.35	55.83	42880	55900	73250	94320	116120			2009
15-1099	Computer specialists, all other		195890	1.6	37.5	78010	0.4	20.04	28.11	37.02	46.58	55.31	41680	58460	77010	96890	115050			2009
15-2011	Actuaries		17940	4	46.85	97450	1	24.98	31.27	41.93	58.11	76.08	51950	65050	87210	120870	158240			2009
15-2021	Mathematicians		2770	10.1	45.16	93920	1.8	24.5	32.15	44.99	55.61	68.49	50960	66870	93580	115670	142460			2009
15-2031	Operations research analysts		60960	2.1	36.23	75370	0.8	19.24	24.99	33.69	45.33	57.28	40030	51970	70070	94290	119140			2009
15-2041	Statisticians		21370	2	36.16	75220	1.9	18.48	24.32	35.01	46.03	56.35	38430	50590	72820	95740	117210			2009
15-2091	Mathematical technicians		1090	6.1	21.27	44230	2.3	13.22	15.48	19.83	25.36	31.45	27510	32200	41240	52740	65410			2009
15-2099	Mathematical scientists, all other		2610	21.4	29.74	61850	7.3	15.54	18.32	23.18	33.64	53.89	32330	38110	48210	69970	112090			2009
15-0000	Computer and Mathematical Occupations	major	3,283,950	0.4	37.13	77,230	0.3	18.90	25.75	35.44	46.47	57.75	39,300	53,570	73,720	96,650	120,120			2010
15-1111	Computer and Information Research Scientists		24,900	3.0	49.59	103,150	1.3	27.71	36.98	48.39	60.19	73.61	57,630	76,920	100,660	125,200	153,120			2010
15-1121	Computer Systems Analysts		495,800	1.0	39.06	81,250	0.4	23.25	29.35	37.38	46.79	57.24	48,360	61,050	77,740	97,320	119,070			2010
15-1131	Computer Programmers		333,620	1.1	36.01	74,900	0.5	19.62	25.93	34.32	43.95	54.90	40,820	53,940	71,380	91,420	114,180			2010
15-1132	Software Developers, Applications		499,280	1.1	43.47	90,410	0.5	26.14	33.22	42.21	52.51	63.99	54,360	69,090	87,790	109,210	133,110			2010
15-1133	Software Developers, Systems Software		378,920	1.6	47.10	97,960	0.6	29.35	36.41	45.28	56.57	68.91	61,040	75,720	94,180	117,670	143,330			2010
15-1141	Database Administrators		104,080	1.0	36.41	75,730	0.7	19.99	26.08	35.33	45.76	55.61	41,570	54,250	73,490	95,170	115,660			2010
15-1142	Network and Computer Systems Administrators*		333,210	0.7	34.71	72,200	0.3	20.39	25.89	33.25	42.15	51.97	42,400	53,850	69,160	87,680	108,090			2010
15-1150	Computer Support Specialists		579,270	0.8	24.00	49,930	0.3	13.61	17.24	22.24	28.86	37.01	28,300	35,860	46,260	60,020	76,970			2010
15-1179	Information Security Analysts, Web Developers, and Computer Network Architects		243,330	1.1	38.16	79,370	0.4	20.76	27.52	36.37	46.95	57.67	43,190	57,240	75,660	97,660	119,940			2010
15-1799	Computer Occupations, All Other*		183,110	1.2	38.36	79,790	0.5	20.05	28.53	38.10	47.90	56.59	41,710	59,350	79,240	99,630	117,700			2010
15-2011	Actuaries		18,320	4.0	47.41	98,620	1.1	25.53	31.68	42.14	58.06	76.92	53,100	65,890	87,650	120,770	160,000			2010
15-2021	Mathematicians		2,830	5.2	48.20	100,260	2.2	25.41	33.83	47.78	57.98	73.85	52,850	70,370	99,380	120,590	153,620			2010
15-2031	Operations Research Analysts		62,210	1.8	37.01	76,980	0.7	19.19	25.02	34.12	46.04	59.02	39,920	52,030	70,960	95,760	122,750			2010
15-2041	Statisticians		22,830	2.4	36.57	76,070	0.9	18.80	24.82	35.02	46.79	57.26	39,090	51,630	72,830	97,330	119,100			2010
15-2091	Mathematical Technicians		960	7.8	23.64	49,170	3.7	13.46	16.09	21.58	28.15	36.68	27,990	33,470	44,880	58,540	76,280			2010
15-2099	Mathematical Science Occupations, All Other		1,290	7.3	34.02	70,760	7.7	15.26	19.09	26.21	37.68	62.86	31,730	39,700	54,510	78,370	130,750			2010
15-0000	Computer and Mathematical Occupations	major	3,406,720	0.5	37.85	78,730	0.3	19.25	26.17	36.10	47.33	58.75	40,040	54,430	75,080	98,450	122,210			2011
15-1111	Computer and Information Research Scientists		25,160	3.3	49.59	103,160	1.3	27.31	37.50	48.59	59.39	72.91	56,800	77,990	101,080	123,530	151,660			2011
15-1121	Computer Systems Analysts		487,740	1.1	39.58	82,320	0.3	23.74	29.93	37.87	47.35	57.72	49,370	62,260	78,770	98,490	120,060			2011
15-1131	Computer Programmers		320,100	1.2	36.54	76,010	0.5	20.06	26.37	34.92	44.48	55.58	41,710	54,850	72,630	92,510	115,610			2011
15-1132	Software Developers, Applications		539,880	1.1	44.27	92,080	0.4	26.43	33.80	42.92	53.84	65.62	54,980	70,300	89,280	111,990	136,490			2011
15-1133	Software Developers, Systems Software		387,050	1.8	48.28	100,420	0.5	30.03	37.36	46.44	57.93	70.69	62,470	77,720	96,600	120,500	147,030			2011
15-1141	Database Administrators		108,500	1.1	37.19	77,350	0.3	20.36	26.85	36.15	46.46	56.19	42,360	55,840	75,190	96,640	116,870			2011
15-1142	Network and Computer Systems Administrators*		341,800	0.7	35.71	74,270	0.3	20.87	26.52	34.12	43.34	53.95	43,400	55,150	70,970	90,160	112,210			2011
15-1150	Computer Support Specialists		632,490	0.8	24.91	51,820	0.3	13.93	17.78	22.91	30.06	39.03	28,980	36,990	47,660	62,530	81,190			2011
15-1179	Information Security Analysts, Web Developers, and Computer Network Architects		272,670	1.1	39.27	81,670	0.4	20.56	28.03	37.49	48.83	60.03	42,770	58,300	77,990	101,570	124,860			2011
15-1799	Computer Occupations, All Other*		177,630	1.1	38.70	80,500	0.5	20.27	28.79	38.43	48.51	57.07	42,150	59,870	79,930	100,900	118,710			2011
15-2011	Actuaries		19,590	3.5	49.52	103,000	1.1	26.13	32.76	43.78	61.15	80.90	54,350	68,140	91,060	127,200	168,270			2011
15-2021	Mathematicians		2,980	6.3	48.71	101,320	2.1	26.77	34.12	48.58	59.02	73.15	55,680	70,960	101,040	122,760	152,140			2011
15-2031	Operations Research Analysts		65,030	2.1	37.90	78,840	0.8	19.53	25.30	34.59	46.68	60.58	40,620	52,620	71,950	97,090	126,000			2011
15-2041	Statisticians		23,770	2.3	37.16	77,280	1.6	19.15	25.16	35.52	46.83	57.55	39,840	52,330	73,880	97,410	119,710			2011
15-2091	Mathematical Technicians		1,060	9.2	24.47	50,910	3.6	14.26	16.61	22.32	28.88	39.14	29,660	34,550	46,420	60,060	81,420			2011
15-2099	Mathematical Science Occupations, All Other		1,260	13.3	30.37	63,170	2.8	15.65	20.39	26.95	36.76	50.91	32,540	42,410	56,060	76,460	105,890			2011
15-0000	Computer and Mathematical Occupations	major	3,578,220	0.4	38.55	80,180	0.3	19.39	26.55	36.67	48.40	60.55	40,330	55,220	76,270	100,670	125,940			2012
15-1100	Computer Occupations	minor	3,456,500	0.4	38.47	80,020	0.3	19.35	26.53	36.67	48.33	60.32	40,260	55,180	76,270	100,540	125,470			2012
15-1110	Computer and Information Research Scientists	broad	24,880	4.5	49.84	103,670	1.3	27.51	38.11	49.13	59.12	73.03	57,220	79,260	102,190	122,960	151,900			2012
15-1111	Computer and Information Research Scientists	detailed	24,880	4.5	49.84	103,670	1.3	27.51	38.11	49.13	59.12	73.03	57,220	79,260	102,190	122,960	151,900			2012
15-1120	Computer and Information Analysts	broad	554,710	0.9	40.64	84,520	0.4	24.02	30.45	38.68	48.85	59.62	49,950	63,330	80,460	101,600	124,010			2012
15-1121	Computer Systems Analysts	detailed	482,040	1.0	40.29	83,800	0.4	24.02	30.30	38.31	48.09	58.70	49,950	63,030	79,680	100,030	122,090			2012
15-1122	Information Security Analysts	detailed	72,670	2.3	42.93	89,290	0.6	24.02	31.62	41.43	52.87	65.19	49,960	65,780	86,170	109,960	135,600			2012
15-1130	Software Developers and Programmers	broad	1,397,780	0.8	43.50	90,470	0.4	23.95	31.99	41.87	53.70	66.72	49,820	66,540	87,100	111,690	138,770			2012
15-1131	Computer Programmers	detailed	316,790	1.2	37.63	78,260	0.6	20.60	27.13	35.71	45.26	56.68	42,850	56,440	74,280	94,130	117,890			2012
15-1132	Software Developers, Applications	detailed	586,340	1.2	44.85	93,280	0.4	26.54	34.06	43.30	54.46	66.77	55,190	70,850	90,060	113,280	138,880			2012
15-1133	Software Developers, Systems Software	detailed	391,700	1.8	49.30	102,550	0.5	30.19	37.95	47.59	59.40	71.56	62,800	78,930	99,000	123,560	148,850			2012
15-1134	Web Developers	detailed	102,940	1.4	31.78	66,100	0.5	16.13	21.57	30.05	40.12	50.58	33,550	44,860	62,500	83,450	105,200			2012
15-1140	Database and Systems Administrators and Network Architects	broad	599,800	0.7	38.90	80,910	0.3	21.84	28.36	36.96	47.72	58.46	45,440	58,980	76,880	99,260	121,600			2012
15-1141	Database Administrators	detailed	111,590	1.1	38.04	79,120	0.3	20.64	27.52	37.06	47.80	57.08	42,930	57,240	77,080	99,430	118,720			2012
15-1142	Network and Computer Systems Administrators	detailed	350,320	0.7	36.69	76,320	0.3	21.31	27.15	34.88	44.41	55.38	44,330	56,470	72,560	92,370	115,180			2012
15-1143	Computer Network Architects	detailed	137,890	1.6	45.19	94,000	0.6	25.28	33.40	43.75	55.44	68.07	52,580	69,470	91,000	115,320	141,590			2012
15-1150	Computer Support Specialists	broad	693,610	0.8	25.59	53,230	0.3	14.00	18.04	23.51	31.36	40.84	29,120	37,520	48,900	65,220	84,940			2012
15-1151	Computer User Support Specialists	detailed	525,630	0.8	24.10	50,130	0.3	13.28	17.21	22.32	29.04	37.23	27,620	35,790	46,420	60,400	77,430			2012
15-1152	Computer Network Support Specialists	detailed	167,980	1.4	30.27	62,960	0.5	16.79	21.41	28.41	36.75	46.56	34,930	44,530	59,090	76,450	96,850			2012
15-1190	Miscellaneous Computer Occupations	broad	185,730	1.0	39.36	81,860	0.5	20.88	29.48	39.01	48.96	57.38	43,430	61,310	81,140	101,840	119,350			2012
15-1199	Computer Occupations, All Other	detailed	185,730	1.0	39.36	81,860	0.5	20.88	29.48	39.01	48.96	57.38	43,430	61,310	81,140	101,840	119,350			2012
15-2000	Mathematical Science Occupations	minor	121,720	1.4	40.74	84,740	0.8	20.35	27.07	36.67	50.39	66.28	42,320	56,300	76,270	104,800	137,870			2012
15-2010	Actuaries	broad	21,340	3.7	51.29	106,680	1.3	26.82	33.55	45.04	63.63	84.29	55,780	69,780	93,680	132,340	175,330			2012
15-2011	Actuaries	detailed	21,340	3.7	51.29	106,680	1.3	26.82	33.55	45.04	63.63	84.29	55,780	69,780	93,680	132,340	175,330			2012
15-2020	Mathematicians	broad	3,250	6.9	48.69	101,280	2.2	26.94	34.08	48.73	59.06	73.53	56,040	70,890	101,360	122,840	152,950			2012
15-2021	Mathematicians	detailed	3,250	6.9	48.69	101,280	2.2	26.94	34.08	48.73	59.06	73.53	56,040	70,890	101,360	122,840	152,950			2012
15-2030	Operations Research Analysts	broad	69,180	1.8	38.38	79,830	1.0	19.50	25.54	34.66	46.72	62.26	40,550	53,120	72,100	97,170	129,490			2012
15-2031	Operations Research Analysts	detailed	69,180	1.8	38.38	79,830	1.0	19.50	25.54	34.66	46.72	62.26	40,550	53,120	72,100	97,170	129,490			2012
15-2040	Statisticians	broad	25,570	2.1	38.25	79,570	1.4	20.30	26.61	36.33	47.76	58.60	42,220	55,360	75,560	99,340	121,890			2012
15-2041	Statisticians	detailed	25,570	2.1	38.25	79,570	1.4	20.30	26.61	36.33	47.76	58.60	42,220	55,360	75,560	99,340	121,890			2012
15-2090	Miscellaneous Mathematical Science Occupations	broad	2,370	7.8	30.63	63,720	3.7	14.65	19.04	27.12	39.07	52.95	30,470	39,600	56,410	81,270	110,130			2012
15-2091	Mathematical Technicians	detailed	1,150	8.7	30.87	64,220	7.0	14.31	18.00	27.32	40.55	54.58	29,750	37,430	56,820	84,350	113,530			2012
15-2099	Mathematical Science Occupations, All Other	detailed	1,220	12.3	30.41	63,250	3.2	15.25	19.96	26.98	37.89	50.86	31,730	41,520	56,120	78,810	105,800			2012
15-0000	Computer and Mathematical Occupations	major	3,696,180	0.5	39.43	82,010	0.5	19.56	26.96	37.43	49.86	62.79	40,680	56,070	77,860	103,700	130,600			2013
15-1100	Computer Occupations	minor	3,573,120	0.5	39.36	81,860	0.5	19.50	26.92	37.42	49.82	62.64	40,570	56,000	77,840	103,620	130,280			2013
15-1110	Computer and Information Research Scientists	broad	24,380	4.4	52.53	109,260	1.4	29.47	40.00	51.10	62.38	76.34	61,300	83,210	106,290	129,750	158,800			2013
15-1111	Computer and Information Research Scientists	detailed	24,380	4.4	52.53	109,260	1.4	29.47	40.00	51.10	62.38	76.34	61,300	83,210	106,290	129,750	158,800			2013
15-1120	Computer and Information Analysts	broad	585,120	1.0	41.40	86,100	0.4	24.18	30.87	39.46	50.09	61.65	50,300	64,220	82,080	104,180	128,220			2013
15-1121	Computer Systems Analysts	detailed	507,100	1.0	41.02	85,320	0.4	24.18	30.70	39.03	49.27	60.32	50,290	63,860	81,190	102,480	125,460			2013
15-1122	Information Security Analysts	detailed	78,020	2.7	43.85	91,210	0.6	24.24	32.27	42.59	54.38	66.72	50,430	67,120	88,590	113,100	138,780			2013
15-1130	Software Developers and Programmers	broad	1,442,500	1.0	44.63	92,820	0.8	24.13	32.47	42.88	55.17	68.51	50,200	67,540	89,180	114,750	142,500			2013
15-1131	Computer Programmers	detailed	312,340	1.4	38.91	80,930	1.3	20.98	27.86	36.60	47.00	59.37	43,640	57,940	76,140	97,760	123,490			2013
15-1132	Software Developers, Applications	detailed	643,830	1.6	46.28	96,260	1.0	26.81	34.75	44.55	56.07	69.01	55,770	72,290	92,660	116,630	143,540			2013
15-1133	Software Developers, Systems Software	detailed	373,510	2.0	50.23	104,480	0.5	30.35	38.42	48.75	61.00	72.48	63,140	79,900	101,410	126,880	150,760			2013
15-1134	Web Developers	detailed	112,820	1.4	32.47	67,540	0.7	16.02	21.42	30.37	41.00	53.05	33,320	44,550	63,160	85,270	110,350			2013
15-1140	Database and Systems Administrators and Network Architects	broad	618,480	0.7	39.88	82,960	0.3	22.34	28.96	37.93	49.33	60.82	46,470	60,230	78,890	102,600	126,510			2013
15-1141	Database Administrators	detailed	114,910	1.0	38.82	80,740	0.3	21.02	28.12	37.75	48.78	58.17	43,720	58,490	78,520	101,450	120,990			2013
15-1142	Network and Computer Systems Administrators	detailed	362,310	0.8	37.46	77,910	0.3	21.76	27.67	35.58	45.17	56.32	45,270	57,560	74,000	93,950	117,150			2013
15-1143	Computer Network Architects	detailed	141,270	1.7	46.97	97,700	0.5	25.92	34.65	45.85	57.54	70.05	53,920	72,070	95,380	119,690	145,700			2013
15-1150	Computer Support Specialists	broad	706,360	0.7	25.80	53,660	0.3	14.07	18.13	23.64	31.73	41.40	29,260	37,720	49,170	66,000	86,110			2013
15-1151	Computer User Support Specialists	detailed	541,250	0.8	24.26	50,450	0.3	13.36	17.30	22.41	29.26	37.70	27,780	35,990	46,620	60,860	78,410			2013
15-1152	Computer Network Support Specialists	detailed	165,100	1.3	30.85	64,160	0.5	16.99	21.74	28.93	37.67	47.99	35,330	45,230	60,180	78,360	99,810			2013
15-1190	Miscellaneous Computer Occupations	broad	196,280	1.1	40.02	83,240	0.4	21.68	30.24	39.59	49.83	58.28	45,090	62,890	82,340	103,640	121,230			2013
15-1199	Computer Occupations, All Other	detailed	196,280	1.1	40.02	83,240	0.4	21.68	30.24	39.59	49.83	58.28	45,090	62,890	82,340	103,640	121,230			2013
15-2000	Mathematical Science Occupations	minor	123,070	1.5	41.57	86,470	0.7	21.08	27.96	37.72	51.14	66.81	43,840	58,150	78,450	106,370	138,960			2013
15-2010	Actuaries	broad	20,080	3.8	51.80	107,740	1.3	27.61	34.14	45.35	63.70	84.71	57,430	71,000	94,340	132,490	176,190			2013
15-2011	Actuaries	detailed	20,080	3.8	51.80	107,740	1.3	27.61	34.14	45.35	63.70	84.71	57,430	71,000	94,340	132,490	176,190			2013
15-2020	Mathematicians	broad	3,030	6.2	49.67	103,310	2.1	26.54	34.70	49.25	61.82	74.75	55,200	72,170	102,440	128,590	155,480			2013
15-2021	Mathematicians	detailed	3,030	6.2	49.67	103,310	2.1	26.54	34.70	49.25	61.82	74.75	55,200	72,170	102,440	128,590	155,480			2013
15-2030	Operations Research Analysts	broad	72,680	2.1	39.26	81,660	1.0	20.23	26.50	35.88	47.70	62.60	42,070	55,110	74,630	99,210	130,210			2013
15-2031	Operations Research Analysts	detailed	72,680	2.1	39.26	81,660	1.0	20.23	26.50	35.88	47.70	62.60	42,070	55,110	74,630	99,210	130,210			2013
15-2040	Statisticians	broad	24,950	2.1	40.05	83,310	1.2	21.30	28.06	38.12	49.94	61.75	44,310	58,360	79,290	103,870	128,430			2013
15-2041	Statisticians	detailed	24,950	2.1	40.05	83,310	1.2	21.30	28.06	38.12	49.94	61.75	44,310	58,360	79,290	103,870	128,430			2013
15-2090	Miscellaneous Mathematical Science Occupations	broad	2,330	7.6	31.22	64,930	3.2	15.01	19.53	27.70	39.10	53.65	31,220	40,620	57,630	81,330	111,580			2013
15-2091	Mathematical Technicians	detailed	1,080	8.0	28.97	60,260	5.4	14.63	17.70	26.07	36.09	49.88	30,430	36,820	54,230	75,060	103,740			2013
15-2099	Mathematical Science Occupations, All Other	detailed	1,240	12.3	33.18	69,000	3.6	16.16	20.97	29.24	41.09	56.39	33,600	43,610	60,820	85,470	117,290			2013
15-0000	Computer and Mathematical Occupations	major	3,834,180	0.5	40.37	83,970	0.5	19.78	27.36	38.18	51.12	64.66	41,130	56,920	79,420	106,330	134,500			2014
15-1100	Computer Occupations	minor	3,692,980	0.5	40.31	83,840	0.5	19.72	27.33	38.17	51.08	64.53	41,010	56,840	79,390	106,250	134,220			2014
15-1110	Computer and Information Research Scientists	broad	24,210	4.2	54.42	113,190	1.4	31.74	41.28	52.09	64.60	79.61	66,030	85,870	108,360	134,380	165,600			2014
15-1111	Computer and Information Research Scientists	detailed	24,210	4.2	54.42	113,190	1.4	31.74	41.28	52.09	64.60	79.61	66,030	85,870	108,360	134,380	165,600			2014
15-1120	Computer and Information Analysts	broad	608,500	0.9	42.25	87,890	0.3	24.39	31.15	40.13	51.12	63.44	50,730	64,800	83,470	106,320	131,960			2014
15-1121	Computer Systems Analysts	detailed	528,320	0.9	41.98	87,320	0.4	24.42	31.02	39.76	50.46	62.49	50,780	64,520	82,710	104,950	129,980			2014
15-1122	Information Security Analysts	detailed	80,180	2.0	44.04	91,600	0.6	24.18	32.23	42.74	54.80	67.53	50,300	67,030	88,890	113,990	140,460			2014
15-1130	Software Developers and Programmers	broad	1,492,040	0.8	45.81	95,280	0.8	24.48	32.98	43.90	56.80	70.74	50,920	68,600	91,320	118,140	147,140			2014
15-1131	Computer Programmers	detailed	302,150	1.4	39.75	82,690	1.3	21.22	28.46	37.28	48.28	61.36	44,140	59,200	77,550	100,410	127,640			2014
15-1132	Software Developers, Applications	detailed	686,470	1.2	47.85	99,530	1.1	27.07	35.45	45.92	58.15	71.87	56,310	73,730	95,510	120,950	149,480			2014
15-1133	Software Developers, Systems Software	detailed	382,400	1.6	50.98	106,050	0.6	30.41	38.72	49.46	61.80	74.42	63,250	80,530	102,880	128,540	154,800			2014
15-1134	Web Developers	detailed	121,020	1.5	33.02	68,670	0.7	16.25	21.80	30.52	41.69	54.17	33,790	45,350	63,490	86,710	112,680			2014
15-1140	Database and Systems Administrators and Network Architects	broad	617,680	0.6	40.85	84,970	0.2	22.82	29.52	38.87	50.54	62.29	47,460	61,400	80,850	105,130	129,570			2014
15-1141	Database Administrators	detailed	112,170	1.0	39.56	82,280	0.3	21.38	28.42	38.60	49.76	59.51	44,470	59,100	80,280	103,500	123,780			2014
15-1142	Network and Computer Systems Administrators	detailed	365,430	0.8	38.35	79,770	0.3	22.22	28.30	36.44	46.36	57.69	46,220	58,860	75,790	96,430	120,000			2014
15-1143	Computer Network Architects	detailed	140,080	1.4	48.42	100,710	0.4	26.52	35.65	47.32	59.57	72.34	55,160	74,160	98,430	123,900	150,460			2014
15-1150	Computer Support Specialists	broad	738,030	0.7	26.42	54,960	0.3	14.35	18.46	24.22	32.52	42.68	29,850	38,400	50,380	67,640	88,780			2014
15-1151	Computer User Support Specialists	detailed	563,540	0.8	24.76	51,500	0.3	13.59	17.60	22.89	29.83	38.55	28,280	36,610	47,610	62,050	80,180			2014
15-1152	Computer Network Support Specialists	detailed	174,490	1.3	31.80	66,140	0.5	17.25	22.22	29.72	39.33	50.00	35,870	46,220	61,830	81,800	104,010			2014
15-1190	Miscellaneous Computer Occupations	broad	212,510	1.0	41.12	85,520	1.0	21.65	30.59	40.10	51.11	61.01	45,030	63,630	83,410	106,300	126,900			2014
15-1199	Computer Occupations, All Other	detailed	212,510	1.0	41.12	85,520	1.0	21.65	30.59	40.10	51.11	61.01	45,030	63,630	83,410	106,300	126,900			2014
15-2000	Mathematical Science Occupations	minor	141,200	1.7	42.08	87,530	0.6	21.25	28.27	38.59	52.20	67.84	44,210	58,800	80,270	108,580	141,100			2014
15-2010	Actuaries	broad	21,490	3.8	52.93	110,090	1.2	27.92	34.80	46.49	65.44	86.87	58,080	72,390	96,700	136,110	180,680			2014
15-2011	Actuaries	detailed	21,490	3.8	52.93	110,090	1.2	27.92	34.80	46.49	65.44	86.87	58,080	72,390	96,700	136,110	180,680			2014
15-2020	Mathematicians	broad	3,130	6.7	50.17	104,350	1.9	26.36	35.65	49.86	61.49	75.53	54,830	74,150	103,720	127,900	157,090			2014
15-2021	Mathematicians	detailed	3,130	6.7	50.17	104,350	1.9	26.36	35.65	49.86	61.49	75.53	54,830	74,150	103,720	127,900	157,090			2014
15-2030	Operations Research Analysts	broad	86,950	2.4	39.88	82,940	0.9	20.58	27.02	36.86	49.25	63.57	42,810	56,190	76,660	102,450	132,220			2014
15-2031	Operations Research Analysts	detailed	86,950	2.4	39.88	82,940	0.9	20.58	27.02	36.86	49.25	63.57	42,810	56,190	76,660	102,450	132,220			2014
15-2040	Statisticians	broad	26,970	2.3	40.39	84,010	1.3	21.08	28.14	38.46	50.44	62.42	43,840	58,540	79,990	104,910	129,830			2014
15-2041	Statisticians	detailed	26,970	2.3	40.39	84,010	1.3	21.08	28.14	38.46	50.44	62.42	43,840	58,540	79,990	104,910	129,830			2014
15-2090	Miscellaneous Mathematical Science Occupations	broad	2,660	7.3	34.12	70,970	3.4	14.94	19.30	29.50	43.88	63.91	31,070	40,140	61,350	91,280	132,920			2014
15-2091	Mathematical Technicians	detailed	1,060	6.2	29.94	62,280	5.8	14.93	18.04	26.03	37.16	54.78	31,060	37,530	54,140	77,290	113,950			2014
15-2099	Mathematical Science Occupations, All Other	detailed	1,600	11.3	36.90	76,740	3.3	15.04	20.83	32.00	47.74	71.02	31,280	43,330	66,560	99,300	147,720			2014
15-0000	Computer and Mathematical Occupations	major	4,005,250	0.5	41.43	86,170	0.5	20.12	27.94	39.15	52.64	66.55	41,850	58,120	81,430	109,490	138,420			2015
15-1100	Computer Occupations	minor	3,853,860	0.5	41.39	86,090	0.5	20.07	27.92	39.15	52.64	66.49	41,740	58,060	81,430	109,490	138,290			2015
15-1110	Computer and Information Research Scientists	broad	25,510	3.9	55.57	115,580	1.5	30.91	41.62	53.18	67.07	82.02	64,300	86,570	110,620	139,510	170,610			2015
15-1111	Computer and Information Research Scientists	detailed	25,510	3.9	55.57	115,580	1.5	30.91	41.62	53.18	67.07	82.02	64,300	86,570	110,620	139,510	170,610			2015
15-1120	Computer and Information Analysts	broad	645,550	1.0	43.56	90,600	0.3	24.92	31.98	41.52	53.00	65.86	51,830	66,520	86,370	110,230	136,990			2015
15-1121	Computer Systems Analysts	detailed	556,660	1.1	43.36	90,180	0.4	24.96	31.89	41.25	52.51	65.12	51,910	66,340	85,800	109,210	135,450			2015
15-1122	Information Security Analysts	detailed	88,880	2.1	44.83	93,250	0.6	24.65	32.64	43.33	55.76	69.12	51,280	67,890	90,120	115,980	143,770			2015
15-1130	Software Developers and Programmers	broad	1,554,960	0.8	47.08	97,930	0.8	25.04	33.78	45.23	58.50	72.79	52,090	70,260	94,080	121,670	151,400			2015
15-1131	Computer Programmers	detailed	289,420	1.7	40.56	84,360	1.4	21.37	28.97	38.24	49.79	62.89	44,450	60,250	79,530	103,570	130,800			2015
15-1132	Software Developers, Applications	detailed	747,730	1.4	49.12	102,160	1.1	27.57	36.14	47.24	59.81	73.90	57,340	75,160	98,260	124,400	153,710			2015
15-1133	Software Developers, Systems Software	detailed	390,750	1.4	52.29	108,760	0.7	31.06	39.62	50.76	63.30	76.85	64,600	82,410	105,570	131,670	159,850			2015
15-1134	Web Developers	detailed	127,070	1.5	33.97	70,660	0.7	16.71	22.40	31.23	43.00	56.07	34,770	46,600	64,970	89,430	116,620			2015
15-1140	Database and Systems Administrators and Network Architects	broad	634,850	0.7	42.02	87,400	0.2	23.41	30.23	39.80	52.05	64.07	48,700	62,880	82,780	108,270	133,270			2015
15-1141	Database Administrators	detailed	113,770	1.0	40.51	84,250	0.3	21.85	28.89	39.29	51.15	61.09	45,460	60,100	81,710	106,390	127,080			2015
15-1142	Network and Computer Systems Administrators	detailed	374,480	0.7	39.52	82,200	0.3	22.82	29.02	37.41	47.84	59.66	47,460	60,360	77,810	99,510	124,090			2015
15-1143	Computer Network Architects	detailed	146,600	1.5	49.57	103,100	0.5	27.03	36.17	48.19	60.95	74.64	56,230	75,220	100,240	126,780	155,250			2015
15-1150	Computer Support Specialists	broad	769,630	0.7	26.92	55,980	0.3	14.69	18.82	24.75	32.99	43.42	30,560	39,140	51,470	68,630	90,310			2015
15-1151	Computer User Support Specialists	detailed	585,060	0.8	25.21	52,430	0.3	13.94	17.93	23.38	30.30	39.07	28,990	37,300	48,620	63,030	81,260			2015
15-1152	Computer Network Support Specialists	detailed	184,570	1.3	32.33	67,260	0.5	17.48	22.61	29.93	39.76	51.11	36,350	47,020	62,250	82,700	106,310			2015
15-1190	Miscellaneous Computer Occupations	broad	223,370	0.9	41.98	87,310	0.9	21.79	31.03	40.98	52.17	62.36	45,320	64,550	85,240	108,510	129,700			2015
15-1199	Computer Occupations, All Other	detailed	223,370	0.9	41.98	87,310	0.9	21.79	31.03	40.98	52.17	62.36	45,320	64,550	85,240	108,510	129,700			2015
15-2000	Mathematical Science Occupations	minor	151,380	1.8	42.33	88,040	0.6	21.49	28.60	39.12	52.69	67.84	44,700	59,490	81,360	109,590	141,110			2015
15-2010	Actuaries	broad	19,770	3.6	53.15	110,560	1.3	28.02	35.10	46.67	65.45	86.78	58,290	73,010	97,070	136,130	180,500			2015
15-2011	Actuaries	detailed	19,770	3.6	53.15	110,560	1.3	28.02	35.10	46.67	65.45	86.78	58,290	73,010	97,070	136,130	180,500			2015
15-2020	Mathematicians	broad	3,170	7.9	54.11	112,560	2.2	27.02	39.23	53.42	67.08	80.41	56,200	81,590	111,110	139,520	167,250			2015
15-2021	Mathematicians	detailed	3,170	7.9	54.11	112,560	2.2	27.02	39.23	53.42	67.08	80.41	56,200	81,590	111,110	139,520	167,250			2015
15-2030	Operations Research Analysts	broad	95,860	2.6	40.47	84,180	0.8	20.92	27.55	37.80	50.52	63.70	43,520	57,310	78,630	105,090	132,500			2015
15-2031	Operations Research Analysts	detailed	95,860	2.6	40.47	84,180	0.8	20.92	27.55	37.80	50.52	63.70	43,520	57,310	78,630	105,090	132,500			2015
15-2040	Statisticians	broad	29,870	1.9	40.60	84,440	1.2	21.59	28.73	38.51	50.19	62.80	44,900	59,750	80,110	104,390	130,630			2015
15-2041	Statisticians	detailed	29,870	1.9	40.60	84,440	1.2	21.59	28.73	38.51	50.19	62.80	44,900	59,750	80,110	104,390	130,630			2015
15-2090	Miscellaneous Mathematical Science Occupations	broad	2,700	5.2	34.05	70,820	2.6	14.04	18.22	28.16	43.09	70.07	29,210	37,890	58,580	89,630	145,740			2015
15-2091	Mathematical Technicians	detailed	820	6.4	25.79	53,630	3.2	13.65	16.90	22.40	30.40	42.20	28,390	35,150	46,600	63,230	87,770			2015
15-2099	Mathematical Science Occupations, All Other	detailed	1,880	6.8	37.65	78,310	3.1	14.44	19.22	31.83	49.34	76.93	30,040	39,980	66,210	102,620	160,020			2015
15-0000	Computer and Mathematical Occupations	major	4,165,140	0.4	42.25	87,880	0.4	20.51	28.42	39.82	53.70	67.91	42,650	59,120	82,830	111,690	141,250			2016
15-1100	Computer Occupations	minor	3,997,370	0.4	42.24	87,870	0.4	20.46	28.41	39.84	53.73	67.91	42,560	59,090	82,860	111,770	141,260			2016
15-1110	Computer and Information Research Scientists	broad	26,580	4.1	55.92	116,320	1.4	31.23	42.02	53.77	67.52	81.58	64,950	87,400	111,840	140,430	169,680			2016
15-1111	Computer and Information Research Scientists	detailed	26,580	4.1	55.92	116,320	1.4	31.23	42.02	53.77	67.52	81.58	64,950	87,400	111,840	140,430	169,680			2016
15-1120	Computer and Information Analysts	broad	665,830	1.0	44.36	92,260	0.3	25.57	32.58	42.29	54.03	67.09	53,190	67,770	87,960	112,390	139,540			2016
15-1121	Computer Systems Analysts	detailed	568,960	1.0	44.05	91,620	0.3	25.53	32.43	41.93	53.38	66.20	53,110	67,460	87,220	111,040	137,690			2016
15-1122	Information Security Analysts	detailed	96,870	2.4	46.17	96,040	0.6	25.85	33.58	44.52	57.22	70.81	53,760	69,840	92,600	119,020	147,290			2016
15-1130	Software Developers and Programmers	broad	1,604,570	0.9	48.11	100,080	0.6	25.63	34.33	46.07	59.74	74.67	53,300	71,410	95,830	124,260	155,310			2016
15-1131	Computer Programmers	detailed	271,200	1.7	40.95	85,180	0.9	21.91	29.38	38.39	49.85	62.67	45,570	61,100	79,840	103,690	130,360			2016
15-1132	Software Developers, Applications	detailed	794,000	1.3	50.14	104,300	0.8	28.03	36.62	48.12	61.03	75.77	58,300	76,170	100,080	126,940	157,590			2016
15-1133	Software Developers, Systems Software	detailed	409,820	1.3	53.17	110,590	0.7	31.08	40.03	51.38	64.41	78.47	64,650	83,270	106,860	133,970	163,220			2016
15-1134	Web Developers	detailed	129,540	1.4	34.69	72,150	0.7	17.01	22.87	31.79	44.04	57.48	35,390	47,580	66,130	91,600	119,550			2016
15-1140	Database and Systems Administrators and Network Architects	broad	647,610	0.7	43.15	89,750	0.2	24.06	30.92	40.85	53.58	65.85	50,040	64,320	84,970	111,460	136,970			2016
15-1141	Database Administrators	detailed	113,730	1.0	41.89	87,130	0.3	22.74	29.97	40.84	52.86	62.47	47,300	62,350	84,950	109,940	129,930			2016
15-1142	Network and Computer Systems Administrators	detailed	376,820	0.8	40.63	84,500	0.3	23.50	29.75	38.32	49.23	61.35	48,870	61,870	79,700	102,400	127,610			2016
15-1143	Computer Network Architects	detailed	157,070	1.5	50.12	104,240	0.5	26.74	36.04	48.66	61.93	76.25	55,610	74,970	101,210	128,820	158,590			2016
15-1150	Computer Support Specialists	broad	791,580	0.7	27.21	56,600	0.3	14.94	19.08	25.08	33.23	43.70	31,070	39,680	52,160	69,120	90,890			2016
15-1151	Computer User Support Specialists	detailed	602,840	0.7	25.53	53,100	0.3	14.15	18.18	23.74	30.64	39.50	29,440	37,810	49,390	63,740	82,160			2016
15-1152	Computer Network Support Specialists	detailed	188,740	1.3	32.58	67,770	0.4	17.81	22.86	30.13	39.69	50.92	37,040	47,550	62,670	82,560	105,910			2016
15-1190	Miscellaneous Computer Occupations	broad	261,210	0.9	42.73	88,880	0.4	21.83	31.10	41.59	53.17	64.37	45,410	64,690	86,510	110,590	133,890			2016
15-1199	Computer Occupations, All Other	detailed	261,210	0.9	42.73	88,880	0.4	21.83	31.10	41.59	53.17	64.37	45,410	64,690	86,510	110,590	133,890			2016
15-2000	Mathematical Science Occupations	minor	167,770	1.7	42.42	88,230	0.5	21.54	28.66	39.30	52.78	67.74	44,810	59,620	81,750	109,780	140,900			2016
15-2010	Actuaries	broad	19,940	3.5	54.87	114,120	1.3	28.32	35.81	48.37	67.40	89.54	58,910	74,480	100,610	140,190	186,250			2016
15-2011	Actuaries	detailed	19,940	3.5	54.87	114,120	1.3	28.32	35.81	48.37	67.40	89.54	58,910	74,480	100,610	140,190	186,250			2016
15-2020	Mathematicians	broad	2,730	5.1	50.77	105,600	1.7	26.39	34.83	50.87	62.37	77.07	54,890	72,440	105,810	129,730	160,310			2016
15-2021	Mathematicians	detailed	2,730	5.1	50.77	105,600	1.7	26.39	34.83	50.87	62.37	77.07	54,890	72,440	105,810	129,730	160,310			2016
15-2030	Operations Research Analysts	broad	109,150	2.4	40.55	84,340	0.7	20.87	27.60	38.08	50.68	63.78	43,400	57,400	79,200	105,410	132,660			2016
15-2031	Operations Research Analysts	detailed	109,150	2.4	40.55	84,340	0.7	20.87	27.60	38.08	50.68	63.78	43,400	57,400	79,200	105,410	132,660			2016
15-2040	Statisticians	broad	33,440	1.9	40.94	85,160	1.0	22.35	29.22	38.70	50.20	62.54	46,500	60,770	80,500	104,420	130,090			2016
15-2041	Statisticians	detailed	33,440	1.9	40.94	85,160	1.0	22.35	29.22	38.70	50.20	62.54	46,500	60,770	80,500	104,420	130,090			2016
15-2090	Miscellaneous Mathematical Science Occupations	broad	2,510	9.3	35.44	73,700	2.8	13.89	17.70	28.98	46.73	72.68	28,890	36,810	60,290	97,200	151,170			2016
15-2091	Mathematical Technicians	detailed	510	8.0	28.12	58,490	4.9	13.93	17.50	23.87	30.61	48.43	28,980	36,410	49,660	63,670	100,730			2016
15-2099	Mathematical Science Occupations, All Other	detailed	2,000	11.3	37.28	77,550	3.0	13.89	17.84	31.27	50.18	75.77	28,890	37,110	65,050	104,370	157,600			2016
15-0000	Computer and Mathematical Occupations	major	4,261,460	0.5	43.18	89,810	0.4	20.95	29.02	40.66	54.87	69.63	43,580	60,360	84,560	114,130	144,830			2017
15-1100	Computer Occupations	minor	4,094,930	0.5	43.16	89,780	0.4	20.88	28.98	40.67	54.91	69.66	43,440	60,270	84,580	114,210	144,890			2017
15-1110	Computer and Information Research Scientists	broad	27,920	3.4	57.49	119,570	1.4	31.51	42.67	55.06	70.02	84.99	65,540	88,760	114,520	145,630	176,780			2017
15-1111	Computer and Information Research Scientists	detailed	27,920	3.4	57.49	119,570	1.4	31.51	42.67	55.06	70.02	84.99	65,540	88,760	114,520	145,630	176,780			2017
15-1120	Computer and Information Analysts	broad	687,210	0.9	45.10	93,800	0.3	25.95	33.06	42.92	55.03	68.59	53,980	68,770	89,280	114,470	142,670			2017
15-1121	Computer Systems Analysts	detailed	581,960	1.0	44.59	92,740	0.3	25.84	32.82	42.44	54.11	67.24	53,750	68,260	88,270	112,540	139,850			2017
15-1122	Information Security Analysts	detailed	105,250	2.2	47.93	99,690	0.6	26.71	34.68	45.92	59.22	73.60	55,560	72,130	95,510	123,180	153,090			2017
15-1130	Software Developers and Programmers	broad	1,617,400	1.0	49.27	102,470	0.6	26.40	35.21	47.00	60.73	75.80	54,920	73,250	97,770	126,330	157,660			2017
15-1131	Computer Programmers	detailed	247,690	1.9	42.08	87,530	1.0	22.64	30.22	39.54	51.24	63.72	47,090	62,860	82,240	106,580	132,530			2017
15-1132	Software Developers, Applications	detailed	849,230	1.3	51.30	106,710	0.9	28.79	37.36	48.94	62.00	76.97	59,870	77,710	101,790	128,960	160,100			2017
15-1133	Software Developers, Systems Software	detailed	394,590	1.3	53.74	111,780	0.4	31.57	40.53	51.73	65.26	78.92	65,670	84,290	107,600	135,740	164,150			2017
15-1134	Web Developers	detailed	125,890	1.3	35.63	74,110	0.6	17.71	23.74	32.69	45.03	58.81	36,830	49,380	67,990	93,670	122,320			2017
15-1140	Database and Systems Administrators and Network Architects	broad	646,570	0.7	44.26	92,070	0.2	24.63	31.65	41.87	55.11	68.50	51,230	65,830	87,090	114,620	142,480			2017
15-1141	Database Administrators	detailed	113,690	1.1	42.81	89,050	0.3	23.31	30.70	41.84	54.18	63.66	48,480	63,850	87,020	112,700	132,420			2017
15-1142	Network and Computer Systems Administrators	detailed	375,040	0.8	41.51	86,340	0.3	23.96	30.30	38.99	50.22	62.60	49,830	63,020	81,100	104,460	130,200			2017
15-1143	Computer Network Architects	detailed	157,830	1.6	51.86	107,870	0.5	27.96	37.53	50.31	63.68	78.07	58,160	78,070	104,650	132,460	162,390			2017
15-1150	Computer Support Specialists	broad	800,010	0.7	27.53	57,260	0.3	15.30	19.40	25.39	33.43	43.85	31,820	40,350	52,810	69,530	91,220			2017
15-1151	Computer User Support Specialists	detailed	613,780	0.7	26.03	54,150	0.4	14.69	18.60	24.14	31.05	39.86	30,550	38,690	50,210	64,590	82,900			2017
15-1152	Computer Network Support Specialists	detailed	186,230	1.2	32.46	67,510	0.4	17.77	22.85	29.97	39.42	50.59	36,960	47,530	62,340	82,000	105,230			2017
15-1190	Miscellaneous Computer Occupations	broad	315,830	0.9	43.79	91,080	0.4	22.23	31.40	42.56	54.89	67.02	46,240	65,320	88,510	114,180	139,390			2017
15-1199	Computer Occupations, All Other	detailed	315,830	0.9	43.79	91,080	0.4	22.23	31.40	42.56	54.89	67.02	46,240	65,320	88,510	114,180	139,390			2017
15-2000	Mathematical Science Occupations	minor	166,530	1.6	43.49	90,460	0.4	22.75	29.90	40.41	53.85	68.82	47,330	62,190	84,060	112,010	143,140			2017
15-2010	Actuaries	broad	19,210	3.8	55.21	114,850	1.2	28.82	36.04	48.83	67.70	88.83	59,950	74,970	101,560	140,820	184,770			2017
15-2011	Actuaries	detailed	19,210	3.8	55.21	114,850	1.2	28.82	36.04	48.83	67.70	88.83	59,950	74,970	101,560	140,820	184,770			2017
15-2020	Mathematicians	broad	2,730	4.8	50.33	104,700	1.9	25.41	33.90	49.52	62.25	77.84	52,860	70,520	103,010	129,480	161,900			2017
15-2021	Mathematicians	detailed	2,730	4.8	50.33	104,700	1.9	25.41	33.90	49.52	62.25	77.84	52,860	70,520	103,010	129,480	161,900			2017
15-2030	Operations Research Analysts	broad	106,050	2.2	41.59	86,510	0.6	21.77	28.74	39.13	51.79	64.65	45,270	59,780	81,390	107,720	134,470			2017
15-2031	Operations Research Analysts	detailed	106,050	2.2	41.59	86,510	0.6	21.77	28.74	39.13	51.79	64.65	45,270	59,780	81,390	107,720	134,470			2017
15-2040	Statisticians	broad	36,540	2.2	42.78	88,980	0.7	24.36	30.88	40.41	52.16	64.29	50,660	64,230	84,060	108,500	133,720			2017
15-2041	Statisticians	detailed	36,540	2.2	42.78	88,980	0.7	24.36	30.88	40.41	52.16	64.29	50,660	64,230	84,060	108,500	133,720			2017
15-2090	Miscellaneous Mathematical Science Occupations	detailed	2,000	8.9	35.42	73,670	3.1	13.73	17.39	27.83	44.46	79.47	28,550	36,160	57,890	92,470	165,290			2017
15-2090	Miscellaneous Mathematical Science Occupations	broad	2,000	8.9	35.42	73,670	3.1	13.73	17.39	27.83	44.46	79.47	28,550	36,160	57,890	92,470	165,290			2017
15-0000	Computer and Mathematical Occupations	major	4,384,300	0.5	44.01	91,530	0.4	21.41	29.64	41.51	55.98	71.12	44,530	61,640	86,340	116,440	147,920			2018
15-1100	Computer Occupations	minor	4,214,820	0.5	43.98	91,480	0.4	21.32	29.58	41.50	56.02	71.15	44,350	61,520	86,320	116,520	147,990			2018
15-1110	Computer and Information Research Scientists	broad	30,070	3.4	59.54	123,850	1.3	33.28	44.06	56.91	71.86	88.38	69,230	91,650	118,370	149,470	183,820			2018
15-1111	Computer and Information Research Scientists	detailed	30,070	3.4	59.54	123,850	1.3	33.28	44.06	56.91	71.86	88.38	69,230	91,650	118,370	149,470	183,820			2018
15-1120	Computer and Information Analysts	broad	696,030	0.9	45.67	94,990	0.3	26.28	33.36	43.31	55.75	70.01	54,670	69,390	90,080	115,970	145,620			2018
15-1121	Computer Systems Analysts	detailed	587,970	1.0	45.01	93,610	0.3	26.14	33.04	42.66	54.55	68.38	54,360	68,730	88,740	113,460	142,220			2018
15-1122	Information Security Analysts	detailed	108,060	2.0	49.26	102,470	0.5	27.28	35.52	47.28	60.99	75.28	56,750	73,890	98,350	126,870	156,580			2018
15-1130	Software Developers and Programmers	broad	1,666,270	1.2	50.23	104,480	0.7	27.20	36.07	48.04	61.70	76.78	56,570	75,020	99,920	128,330	159,700			2018
15-1131	Computer Programmers	detailed	230,470	2.4	43.07	89,580	1.3	23.46	30.97	40.52	52.46	64.73	48,790	64,410	84,280	109,120	134,630			2018
15-1132	Software Developers, Applications	detailed	903,160	1.6	51.96	108,080	0.9	29.64	38.14	49.82	62.72	77.54	61,660	79,340	103,620	130,460	161,290			2018
15-1133	Software Developers, Systems Software	detailed	405,330	1.3	54.81	114,000	0.5	32.09	41.16	52.89	67.09	80.27	66,740	85,610	110,000	139,550	166,960			2018
15-1134	Web Developers	detailed	127,300	1.4	36.34	75,580	0.7	18.24	24.51	33.38	45.68	59.84	37,930	50,990	69,430	95,020	124,480			2018
15-1140	Database and Systems Administrators and Network Architects	broad	629,020	0.7	45.09	93,780	0.2	25.15	32.29	42.79	56.16	70.09	52,300	67,160	89,000	116,820	145,790			2018
15-1141	Database Administrators	detailed	110,090	1.0	44.25	92,030	0.3	24.20	31.83	43.31	55.80	66.50	50,340	66,200	90,070	116,060	138,320			2018
15-1142	Network and Computer Systems Administrators	detailed	366,250	0.8	41.86	87,070	0.3	24.51	30.78	39.45	50.47	62.85	50,990	64,010	82,050	104,970	130,720			2018
15-1143	Computer Network Architects	detailed	152,670	1.6	53.43	111,130	0.6	29.00	39.40	52.41	66.26	78.98	60,310	81,960	109,020	137,820	164,280			2018
15-1150	Computer Support Specialists	broad	812,060	0.8	27.86	57,950	0.3	15.56	19.69	25.70	33.84	44.30	32,350	40,950	53,470	70,380	92,150			2018
15-1151	Computer User Support Specialists	detailed	630,700	0.8	26.46	55,050	0.4	15.01	18.90	24.51	31.56	40.63	31,220	39,310	50,980	65,640	84,510			2018
15-1152	Computer Network Support Specialists	detailed	181,360	1.4	32.72	68,050	0.5	18.40	23.16	30.18	39.56	50.85	38,270	48,160	62,770	82,290	105,770			2018
15-1190	Miscellaneous Computer Occupations	broad	381,380	0.9	44.88	93,350	0.4	22.77	31.93	43.40	56.28	69.62	47,350	66,410	90,270	117,070	144,820			2018
15-1199	Computer Occupations, All Other	detailed	381,380	0.9	44.88	93,350	0.4	22.77	31.93	43.40	56.28	69.62	47,350	66,410	90,270	117,070	144,820			2018
15-2000	Mathematical Science Occupations	minor	169,480	1.5	44.63	92,830	0.4	23.64	30.94	41.68	55.09	70.09	49,180	64,360	86,700	114,590	145,790			2018
15-2010	Actuaries	broad	20,760	4.4	55.89	116,250	1.2	29.40	36.88	49.46	68.15	89.47	61,140	76,720	102,880	141,760	186,110			2018
15-2011	Actuaries	detailed	20,760	4.4	55.89	116,250	1.2	29.40	36.88	49.46	68.15	89.47	61,140	76,720	102,880	141,760	186,110			2018
15-2020	Mathematicians	broad	2,580	5.6	50.42	104,870	1.7	27.48	35.33	48.99	60.61	77.19	57,150	73,490	101,900	126,070	160,550			2018
15-2021	Mathematicians	detailed	2,580	5.6	50.42	104,870	1.7	27.48	35.33	48.99	60.61	77.19	57,150	73,490	101,900	126,070	160,550			2018
15-2030	Operations Research Analysts	broad	104,200	1.8	42.48	88,350	0.5	22.50	29.46	40.09	52.73	65.51	46,810	61,280	83,390	109,670	136,250			2018
15-2031	Operations Research Analysts	detailed	104,200	1.8	42.48	88,350	0.5	22.50	29.46	40.09	52.73	65.51	46,810	61,280	83,390	109,670	136,250			2018
15-2040	Statisticians	broad	39,920	2.0	44.52	92,600	0.7	25.48	32.43	42.20	54.65	67.00	53,000	67,440	87,780	113,670	139,350			2018
15-2041	Statisticians	detailed	39,920	2.0	44.52	92,600	0.7	25.48	32.43	42.20	54.65	67.00	53,000	67,440	87,780	113,670	139,350			2018
15-2090	Miscellaneous Mathematical Science Occupations	detailed	2,010	6.0	34.80	72,390	3.2	14.65	18.06	27.50	42.80	71.00	30,460	37,570	57,190	89,030	147,670			2018
15-2090	Miscellaneous Mathematical Science Occupations	broad	2,010	6.0	34.80	72,390	3.2	14.65	18.06	27.50	42.80	71.00	30,460	37,570	57,190	89,030	147,670			2018
